# Time Positions_v10.0_v20.0
0.0000 0.0000 0.0000
0.1010 0.9747 1.9848
0.2020 1.8787 3.8989
0.3030 2.7118 5.7421
0.4040 3.4742 7.5146
0.5051 4.1658 9.2163
0.6061 4.7866 10.8473
0.7071 5.3367 12.4074
0.8081 5.8160 13.8968
0.9091 6.2245 15.3154
1.0101 6.5622 16.6632
1.1111 6.8292 17.9403
1.2121 7.0254 19.1466
1.3131 7.1508 20.2821
1.4141 7.2054 21.3468
1.5152 7.1893 22.3408
1.6162 7.1023 23.2640
1.7172 6.9446 24.1164
1.8182 6.7162 24.8980
1.9192 6.4169 25.6088
2.0202 6.0469 26.2489
2.1212 5.6061 26.8182
2.2222 5.0945 27.3167
2.3232 4.5122 27.7445
2.4242 3.8590 28.1015
2.5253 3.1351 28.3877
2.6263 2.3405 28.6031
2.7273 1.4750 28.7477
2.8283 0.5388 28.8216
2.9293 -0.4682 28.8247
3.0303 -1.5460 28.7570
3.1313 -2.6945 28.6186
3.2323 -3.9139 28.4094
3.3333 -5.2040 28.1293
3.4343 -6.5649 27.7786
3.5354 -7.9965 27.3570
3.6364 -9.4990 26.8647
3.7374 -11.0722 26.3016
3.8384 -12.7162 25.6677
3.9394 -14.4309 24.9630
4.0404 -16.2164 24.1876
4.1414 -18.0728 23.3414
4.2424 -19.9998 22.4244
4.3434 -21.9977 21.4366
4.4444 -24.0663 20.3781
4.5455 -26.2058 19.2488
4.6465 -28.4159 18.0487
4.7475 -30.6969 16.7778
4.8485 -33.0487 15.4362
4.9495 -35.4712 14.0238
5.0505 -37.9645 12.5406
5.1515 -40.5285 10.9866
5.2525 -43.1634 9.3619
5.3535 -45.8690 7.6664
5.4545 -48.6454 5.9001
5.5556 -51.4926 4.0630
5.6566 -54.4105 2.1552
5.7576 -57.3992 0.1765
5.8586 -60.4587 -1.8729
5.9596 -63.5890 -3.9930
6.0606 -66.7900 -6.1840
6.1616 -70.0619 -8.4457
6.2626 -73.4045 -10.7782
6.3636 -76.8178 -13.1815
6.4646 -80.3020 -15.6555
6.5657 -83.8569 -18.2003
6.6667 -87.4826 -20.8159
6.7677 -91.1791 -23.5023
6.8687 -94.9463 -26.2595
6.9697 -98.7844 -29.0874
7.0707 -102.6932 -31.9861
7.1717 -106.6728 -34.9556
7.2727 -110.7231 -37.9958
7.3737 -114.8442 -41.1069
7.4747 -119.0361 -44.2887
7.5758 -123.2988 -47.5413
7.6768 -127.6323 -50.8646
7.7778 -132.0365 -54.2587
7.8788 -136.5115 -57.7236
7.9798 -141.0573 -61.2593
8.0808 -145.6739 -64.8658
8.1818 -150.3612 -68.5430
8.2828 -155.1193 -72.2910
8.3838 -159.9482 -76.1098
8.4848 -164.8479 -79.9994
8.5859 -169.8183 -83.9597
8.6869 -174.8595 -87.9908
8.7879 -179.9715 -92.0927
8.8889 -185.1543 -96.2654
8.9899 -190.4078 -100.5088
9.0909 -195.7321 -104.8230
9.1919 -201.1272 -109.2080
9.2929 -206.5931 -113.6638
9.3939 -212.1297 -118.1903
9.4949 -217.7371 -122.7877
9.5960 -223.4153 -127.4557
9.6970 -229.1643 -132.1946
9.7980 -234.9841 -137.0043
9.8990 -240.8746 -141.8847
10.0000 -246.8359 -146.8359
